Depth 2
312645078
312405678
312645078
312645078
120345678
312645078
312405678
312645078
142305678
312645078
312405678
142305678
Depth 4
312475680
142358670
142375068
125304678
140352678
125348670
312605748
142358670
140352678
125304678
312458670
125304678
312475068
312605748
140352678
312645780
312645780
Depth 6
142307685
320615748
125348067
312408657
025134678
312705468
125374680
312705468
142308657
320615748
312765048
432105678
142307685
312408657
Depth 8
235104678
312508467
140652738
162305748
350421678
035421678
120385647
142603785
310482657
325418067
125387640
125634780
420175368
125387640
025138647
025148367
125408367
162305748
140752368
Depth 10
425138067
041362785
125378460
184302657
025371468
254138670
250174368
235614078
142608753
312758046
351702468
142607835
314672085
125468037
310682754
632145078
632145780
125368740
314652780
312758046
172305684
245108367
631752048
154702368
025361748
158302647
245108367
245108367
310762485
315604728
325108467
631742085
250148367
632104785
632705418
631402785
432158067
341625780
170324685
045123678
250148367
732105468
314672085
250148367
245108367
312706485
250341678
432107685
162345780
042187365
128304657
632715480
315628047
350428617
250174368
324601785
315604728
275104368
245108367
340621785
350621748
325608714
120635784
340621785
315628047
245108367
150374682
012387465
154602738
712345068
632705418
162304785
250148367
158327640
012643785
Depth 12
142675830
312867045
430215678
053412678
341205678
350628714
427135680
354218670
124365780
184327650
612435078
162705438
063152748
172405638
428103657
235618047
012368547
245308617
154628730
413602785
123604785
371802465
632108754
312867045
512408367
325604781
125346078
731452068
341802675
361702485
134682075
534172068
254178360
431602875
025168437
162734085
420187365
612435078
142603857
462103785
054213678
324615078
125308476
245168037
632704815
312874065
710342685
631742850
125487036
314682057
125748036
025187364
541372068
172635084
341702865
032714865
381602754
043172685
158327064
425308167
061432785
432681750
162358074
720135468
Depth 14
162804375
542138067
254106738
432675810
351807462
358102467
370452168
320815647
412538067
145603728
025613748
640312785
612743850
358102467
514203678
120357648
042375618
345601782
014653782
310762548
120475386
127405368
631802475
428107635
731528460
612305478
325706481
612483075
541307682
258301467
145603728
341872065
315764280
132605478
623401785
631872045
128634570
182465370
054218637
437621085
412805367
432758016
450128376
150827364
164502378
013462785
741632085
510328467
258107634
054273168
180452367
410382675
254317068
043621758
431607852
041372865
235408167
632817045
631704852
258613047
125807436
120345786
125607348
254618037
631508724
341825670
327645018
270134685
340761852
124308675
031258467
275106384
172658340
142873650
631725840
254308167
310462758
082145367
027135648
152608347
254108376
370452168
031642857
152438670
512308647
341658072
063421785
258147036
124653078
480172365
Depth 16
158634072
320514687
318602457
362705481
215306478
182306457
514273068
631728045
017345682
012354687
145602783
381625047
420187653
123804675
015387264
534617082
482105376
321406785
310746852
125806734
047215368
472308651
345128067
025378164
063541782
610235784
258307164
782105364
015627348
342715068
312754068
320674815
140673852
650134728
145307628
032654718
142368750
314728056
315208764
512308476
381475620
631754820
328571064
571308426
381624075
187302456
123704865
725134068
182634750
328457160
043682751
031625478
125307846
548102367
625438170
832604715
250418376
450318627
317402658
152376480
157824360
312846075
417302685
024358167
324705168
034651728
045216378
432176085
624713085
157402386
120485736
610832754
426107385
082174365
458302167
725408316
714305682
423185670
028457136
320641758
072415683
742185360
258604137
014352867
318657024
023165748
024165378
634715082
580142367
485127360
015468237
148205367
031852647
361405782
512308764
180462375
610754382
640321758
327165480
123458670
Depth 18
625714083
250314687
032764185
415368720
285304167
182745036
184267035
081372564
072318654
457208136
142385760
643102578
471302658
614708325
570143682
458207163
120347856
410352768
038254167
154873620
327485016
315642870
381706542
457231680
253406718
642713058
015372864
613802745
158604732
351682047
026371854
543208617
571642038
024176835
348701652
312607458
274351680
273415680
132645087
034871652
241365078
285134670
481325067
612738045
341627085
843201657
046172835
043625178
457203681
065248173
310468725
087412356
625174380
124307658
264735018
251406378
643581072
812346057
047823165
372508416
483651027
023615478
043165782
318625074
280364715
510328746
173602485
128604375
742308156
483502671
126708354
127365084
763125480
632587410
210358764
028175364
275381640
763401852
762831054
761432580
084351672
681205437
763451082
158237460
340528167
037142685
045328716
381462075
142685370
420315768
734601852
130672485
754268130
031542687
614872350
162753084
317582064
725364018
042318675
458206137
Depth 20
057284136
085237146
763821450
087312465
451702638
640781352
257368041
257408163
147306852
430716852
250438716
534672810
285314076
025768413
450782163
731806542
610834572
063821547
520184673
810642753
580216374
250876134
143605827
731456820
410635278
824175360
523468170
210348675
724306815
583147620
483207651
038641725
031287546
634701258
063715284
481207356
152607438
170384265
013852674
057423168
630871524
458726013
025748163
314607285
253107648
518364072
840127536
450137628
485237160
461372058
843651072
137604285
361784052
162453780
612785430
427508163
627145038
713602458
621305748
248615370
185623047
168203754
380716452
381274650
025146783
250367418
372806415
258173460
732604851
470632851
075148326
210364875
145728630
623104875
584127630
351608472
058276134
435267018
258603174
023187654
542807316
420138765
361405827
163725840
248517360
460512378
583241067
528413670
051628734
518364072
743602851
610374582
140763582
630872541
320158647
327468150
458601237
165708324
358247016
350682741
